100
S1 13.6897248165 2 5 6 7 8 10 11 12 13 14 15 16 23 25 26 27 29 31 33 34 35 38 40 42 44 46 49 50 51 52 53 58 59 60 62 68 73 76 77 79 82 88 90 92 93 94 97 98 99 100 
S2 8.54470958616 1 3 4 5 6 9 11 12 13 14 16 17 19 20 22 23 26 28 29 31 33 36 38 43 44 46 48 50 56 60 61 65 66 67 71 72 74 75 77 79 81 93 96 97 98 
S3 7.10613327768 2 8 9 16 19 21 22 24 28 35 36 38 44 46 47 50 57 58 61 71 76 78 79 81 86 94 100 
S4 23.8487182257 16 
S5 7.06471883478 3 4 11 15 25 26 32 43 46 52 59 60 61 63 77 81 82 84 
S6 8.07607569153 2 3 4 9 11 12 15 16 19 20 23 25 28 29 31 32 34 38 41 45 49 53 57 59 60 61 62 65 66 70 71 77 78 82 85 87 89 92 95 98 99 
S7 17.4657719199 1 3 5 7 9 10 11 12 14 17 18 19 20 22 27 29 31 34 36 37 38 41 43 44 47 50 53 56 58 62 65 66 68 70 72 82 85 88 95 96 
S8 12.6301828241 1 3 6 7 10 11 12 23 26 31 32 33 35 43 50 61 65 72 74 84 85 93 96 
S9 16.5717809471 6 8 9 13 14 16 17 18 19 22 27 30 32 33 36 37 39 40 41 42 45 47 48 50 53 55 57 58 61 63 66 68 71 72 73 76 79 80 91 93 95 98 99 
S10 24.3517267203 1 2 3 4 7 8 9 11 13 15 17 18 19 21 22 23 24 26 27 28 31 34 36 39 41 43 46 47 50 52 53 55 58 60 64 65 66 70 72 74 75 76 77 79 83 84 86 87 91 93 99 
S11 19.423641533 1 2 10 15 19 20 21 22 24 25 26 30 33 35 38 39 46 49 51 53 54 57 58 62 64 71 74 75 78 81 82 83 84 86 88 90 91 92 93 94 95 99 
S12 19.4060200394 2 3 4 5 7 11 12 13 15 17 20 21 23 24 37 38 39 44 45 46 47 50 51 52 53 56 58 61 65 66 68 69 77 81 82 83 86 91 92 96 98 99 100 
S13 12.2909735338 1 2 3 4 6 7 8 13 14 15 17 22 23 24 26 27 29 30 31 32 33 34 35 39 44 45 47 48 49 52 53 55 57 58 63 65 66 67 69 74 76 78 79 81 82 83 84 86 87 88 89 91 92 93 94 96 100 
S14 22.3660084063 4 5 6 7 18 19 20 28 33 37 43 44 49 52 56 57 61 62 63 64 72 75 80 82 84 87 88 89 90 92 94 95 97 99 100 
S15 17.7917889856 2 3 5 8 9 11 14 15 16 17 20 23 25 27 28 30 31 32 33 34 36 37 38 39 40 41 42 43 44 50 51 52 53 54 56 58 59 60 61 63 64 65 66 68 71 72 74 75 77 78 79 80 81 84 86 89 92 94 95 
S16 14.2495072544 4 5 9 13 15 16 18 19 22 25 26 27 31 33 39 41 42 43 47 48 51 60 63 69 73 75 80 81 85 90 93 96 97 98 
S17 15.1474501339 1 2 6 7 8 9 11 12 14 18 19 20 21 22 23 24 28 30 33 35 36 40 42 43 44 45 46 47 48 49 54 55 57 59 62 63 66 67 68 70 71 72 73 75 77 78 79 81 82 83 85 86 90 92 93 94 97 98 
S18 6.79589292089 9 18 26 38 39 41 42 48 53 61 66 68 69 74 79 84 87 93 96 
S19 22.6820477087 1 2 3 5 6 9 16 17 22 23 25 26 27 28 29 31 32 35 37 39 40 42 46 48 49 51 52 53 54 57 58 59 60 61 62 63 64 66 68 69 72 74 77 78 81 82 85 86 87 88 89 90 92 93 95 96 98 100 
S20 22.892575751 1 2 10 11 15 17 21 25 27 34 35 49 51 60 68 69 71 72 73 75 77 88 91 98 
S21 17.3432915054 2 11 13 18 20 22 28 31 35 36 40 42 48 50 52 53 64 67 72 82 83 93 96 
S22 5.70503038118 6 10 11 13 25 26 31 34 41 50 52 62 65 73 75 77 78 79 98 
S23 13.978485804 1 3 4 5 12 13 21 24 26 30 33 34 36 38 40 44 46 51 59 60 67 70 73 74 76 78 79 83 85 87 93 98 99 
S24 17.8406998556 1 6 10 12 14 15 17 18 21 23 24 28 29 36 37 41 43 44 46 48 49 50 52 53 54 55 59 60 65 66 67 68 70 71 72 76 77 78 80 83 86 87 88 89 90 91 98 100 
S25 23.4460355163 1 2 16 17 18 28 31 43 52 55 57 58 59 64 67 72 77 81 85 86 91 97 100 
S26 22.6513151335 3 25 69 81 84 
S27 5.73850980044 1 2 3 4 8 9 10 11 12 15 16 17 18 19 20 21 23 26 28 30 31 32 34 35 36 38 39 44 46 47 48 50 51 53 54 55 56 58 59 61 65 66 68 70 71 74 76 79 82 83 85 88 89 90 92 94 96 97 98 
S28 22.0019852071 1 3 7 9 11 14 15 17 19 22 23 24 26 28 29 31 35 36 39 40 44 47 50 52 53 57 58 59 60 61 62 63 67 69 71 82 83 85 86 87 93 96 
S29 10.5456072815 1 2 3 6 7 8 9 12 14 15 17 21 22 23 26 28 29 32 33 35 36 37 38 39 41 42 44 45 46 48 49 56 58 61 62 63 64 67 68 72 74 76 78 79 82 84 85 87 90 91 93 97 100 
S30 23.9685408154 8 11 13 15 24 35 37 43 57 73 83 87 
S31 11.3608382192 2 4 8 11 14 19 20 29 37 38 39 40 41 42 44 46 49 52 56 58 67 69 76 78 79 80 82 84 88 92 93 97 99 
S32 17.8118983377 2 3 7 9 13 14 15 16 18 20 22 24 26 27 28 29 30 31 33 34 35 36 41 42 43 44 46 48 50 51 53 54 56 58 60 63 64 66 67 69 70 71 78 79 80 81 82 91 92 93 94 95 96 97 99 100 
S33 12.4077805 1 3 5 6 11 13 14 15 16 20 22 26 27 32 45 48 52 55 59 68 71 72 73 77 79 81 82 83 90 91 98 
S34 18.8627604095 2 4 5 6 10 12 14 15 19 21 22 27 31 36 37 40 44 45 46 51 55 56 59 60 61 69 75 78 80 81 82 85 86 87 89 92 93 96 98 100 
S35 6.51457128956 2 3 6 7 8 9 10 11 13 15 16 17 18 19 22 23 24 25 27 33 34 35 37 41 42 44 45 46 48 50 51 53 55 57 58 60 61 63 64 65 71 73 74 75 76 77 78 79 82 83 84 88 89 90 91 92 93 94 95 96 98 
S36 6.03330091492 3 7 10 11 13 17 19 20 22 26 29 32 36 41 44 51 54 65 67 68 69 79 80 88 90 93 
S37 20.6648333489 2 3 5 6 7 9 11 12 13 17 19 22 23 24 28 30 31 34 35 36 38 41 42 44 45 48 51 53 55 56 57 58 59 61 62 63 65 66 68 71 72 73 74 76 79 80 81 82 83 84 86 87 90 92 95 96 97 99 
S38 5.43906712785 1 3 5 6 8 9 10 18 24 26 27 28 30 31 32 35 38 40 45 46 49 51 55 56 58 60 67 68 69 71 73 74 76 78 81 82 84 86 89 91 96 98 99 100 
S39 20.9034151416 3 5 12 16 18 25 29 33 36 41 43 44 48 51 54 61 66 67 71 73 77 83 89 91 94 97 98 100 
S40 10.4560283263 1 32 37 45 81 
S41 5.26337866955 4 11 16 18 38 66 77 83 87 90 94 99 
S42 5.32325878624 10 14 19 20 22 26 31 32 41 42 52 57 62 70 73 75 76 80 87 98 100 
S43 8.86078351082 1 6 7 13 14 18 19 20 21 27 30 32 34 37 40 43 46 49 50 54 57 59 60 62 63 64 68 69 70 73 75 76 80 88 94 100 
S44 18.6392174385 1 2 3 4 10 11 13 14 16 19 20 25 26 27 32 34 38 41 42 43 46 47 48 52 53 54 61 63 64 65 68 69 70 71 74 82 83 88 90 91 94 95 100 
S45 22.8040144674 3 6 7 10 11 12 13 14 15 18 21 22 23 25 27 28 29 30 35 36 39 42 45 47 48 49 51 53 56 59 60 61 63 64 66 68 69 71 74 76 79 80 83 84 85 86 90 91 93 97 98 100 
S46 18.2718554236 1 2 3 4 5 6 8 9 10 11 12 14 15 18 20 21 22 23 24 26 30 31 34 36 39 40 42 44 45 46 47 48 49 50 52 55 56 57 59 60 63 64 65 66 67 68 70 71 72 73 75 76 78 79 81 82 84 88 91 93 94 95 96 97 
S47 10.3713764584 5 8 11 13 15 16 23 24 25 27 28 29 33 34 38 41 43 44 46 47 48 58 59 60 61 65 66 69 71 73 75 80 81 82 85 87 91 93 99 
S48 6.86683876825 6 11 48 59 
S49 11.9076200226 1 4 6 7 11 13 15 17 19 21 22 23 25 27 29 30 33 34 35 36 39 41 42 45 48 49 50 52 54 58 59 60 61 64 65 66 68 69 72 73 75 76 85 86 87 88 89 90 91 93 94 95 96 98 99 
S50 14.4996513457 1 2 3 5 9 10 12 17 22 24 27 28 29 32 37 40 41 43 50 51 57 58 59 62 65 67 69 70 75 80 81 83 85 87 89 93 98 
S51 21.6446639072 10 20 23 31 38 41 47 53 63 65 72 73 78 85 90 92 94 95 
S52 14.2379979563 1 2 4 7 12 15 16 17 18 19 22 23 25 27 28 30 31 33 34 35 39 41 42 46 47 48 49 50 51 53 55 57 59 67 68 70 71 74 75 76 77 80 83 85 87 88 89 90 91 92 93 94 95 96 97 98 99 100 
S53 11.8276119833 2 4 7 10 13 14 15 16 17 19 20 21 22 25 26 28 29 34 35 37 38 39 40 42 43 44 45 48 49 50 52 54 56 57 59 60 63 67 68 73 77 80 81 82 83 85 88 89 90 91 92 93 94 97 100 
S54 21.5107534992 1 2 3 4 5 6 9 10 13 18 29 30 40 43 46 48 49 50 54 55 59 60 67 68 69 70 75 76 82 83 85 86 87 92 94 95 99 100 
S55 16.7572592311 3 4 5 14 15 19 21 25 26 43 45 47 51 53 54 58 63 65 66 76 81 90 91 92 94 96 98 100 
S56 8.14374827758 9 15 16 29 42 53 60 64 67 74 75 90 94 96 
S57 15.035256545 5 8 18 21 30 32 33 35 36 37 39 40 44 50 51 54 55 60 61 63 65 66 68 69 71 73 77 79 80 85 89 90 91 94 95 97 
S58 7.53088859577 23 25 26 42 59 71 86 
S59 15.8492188693 3 32 45 51 71 88 
S60 16.4876433001 1 5 6 9 10 11 13 14 29 31 32 33 35 36 37 38 39 40 42 44 45 46 47 48 49 50 51 52 54 55 56 58 61 62 63 66 68 69 70 73 75 79 80 83 86 88 89 90 91 93 94 96 97 98 99 100 
S61 10.4694006205 1 3 6 7 8 10 11 13 15 18 20 21 22 23 24 25 27 29 31 33 37 39 40 44 45 46 48 49 50 52 53 54 56 57 58 59 61 64 65 66 68 70 71 73 74 76 79 80 82 83 84 85 91 95 96 97 98 99 100 
S62 24.096045694 7 10 14 15 16 17 20 23 24 25 27 28 29 31 33 35 37 39 40 41 42 45 48 49 51 52 53 54 58 59 63 64 67 70 72 73 76 79 80 81 83 84 87 100 
S63 14.4280595266 1 2 5 6 7 8 9 12 14 18 19 28 30 32 34 37 38 41 42 47 48 52 55 60 65 66 70 71 74 76 78 81 82 88 89 91 94 95 96 99 
S64 5.44072927758 1 3 5 8 9 13 15 16 18 19 20 29 31 38 39 46 49 50 58 63 64 65 67 85 88 89 90 
S65 16.3104461638 1 3 5 6 9 10 11 12 13 14 18 19 20 22 25 26 27 29 31 32 33 34 35 37 38 40 41 42 43 45 47 52 54 55 57 63 64 65 68 69 70 71 72 73 75 77 78 82 83 85 88 89 90 91 92 93 95 98 99 
S66 17.0094542103 1 3 6 7 10 11 14 17 20 22 23 26 27 28 29 30 31 33 35 36 37 38 39 40 41 43 44 46 48 49 51 52 57 59 60 61 62 65 67 69 70 71 73 74 75 76 77 78 79 81 84 85 87 88 90 91 93 94 96 99 100 
S67 10.3727282367 1 2 6 7 9 10 11 13 14 19 22 23 24 25 28 33 35 37 38 43 44 46 48 49 50 52 53 55 56 58 60 62 71 72 73 75 77 79 81 82 83 91 92 94 96 98 100 
S68 10.7916513001 3 5 6 11 14 15 16 17 19 20 23 24 27 28 29 36 40 42 43 45 46 47 50 51 54 55 56 59 61 62 64 67 68 71 79 84 90 95 98 100 
S69 12.0028059263 1 2 5 6 8 9 13 14 17 19 20 21 25 27 28 29 31 32 34 35 36 37 39 41 42 44 45 48 49 55 56 58 66 67 68 69 72 73 74 76 77 84 86 88 90 91 93 96 97 98 
S70 23.6919989573 1 2 4 5 10 13 14 21 22 26 27 28 29 30 31 34 36 37 40 44 49 51 52 56 57 58 59 60 63 64 65 69 70 71 72 73 75 79 80 82 87 90 91 96 97 98 99 100 
S71 17.0178248073 1 2 5 8 9 11 12 13 14 18 19 20 22 23 26 27 32 33 34 39 44 49 50 56 59 61 66 69 71 72 74 77 79 85 88 90 91 93 94 97 
S72 10.7796567657 1 3 5 6 7 8 9 10 11 13 14 16 19 22 24 26 27 29 30 34 35 41 43 44 46 47 52 55 56 57 58 61 62 63 64 66 67 71 72 73 75 78 81 84 86 88 89 92 96 98 99 100 
S73 15.7451695097 23 33 57 59 
S74 6.65993291387 2 7 13 16 20 21 22 23 31 34 36 37 38 39 41 43 45 50 52 55 59 60 61 65 68 70 71 72 73 74 77 78 80 84 90 91 95 99 100 
S75 16.1122815387 1 5 12 16 18 20 32 33 34 37 40 44 46 53 54 58 59 60 62 65 68 72 74 77 81 82 83 84 85 87 88 93 97 98 99 100 
S76 24.5428324016 1 5 7 8 12 13 14 15 18 20 21 23 24 25 28 31 32 39 40 42 43 44 45 46 48 49 55 57 58 60 62 64 67 68 76 79 81 83 85 86 89 90 91 96 97 100 
S77 7.91390215283 1 3 5 7 8 9 11 12 15 16 17 18 20 22 23 24 26 33 34 36 37 38 39 42 44 46 49 50 52 53 54 60 61 64 65 66 67 69 73 74 76 80 82 83 86 87 88 89 90 91 92 93 96 
S78 24.687001999 9 13 15 19 42 47 49 54 57 59 64 69 72 80 84 100 
S79 13.3961289339 5 13 16 18 23 46 49 55 61 64 87 89 94 95 
S80 9.17061095742 3 6 10 11 12 13 22 31 33 34 36 41 42 44 46 54 55 58 61 62 63 64 65 68 70 71 76 99 
S81 11.4296324408 2 3 5 19 28 30 47 49 51 62 63 77 83 86 89 90 91 96 
S82 15.1265635114 6 7 8 9 10 14 16 17 30 34 42 46 50 55 58 59 61 62 64 66 68 69 75 82 90 
S83 15.2256380032 2 3 5 8 9 10 12 13 14 19 21 22 23 24 25 27 29 31 32 34 35 38 39 43 44 45 46 47 48 50 51 52 53 54 55 59 60 62 63 64 66 67 68 73 75 76 77 79 80 81 82 84 85 86 88 92 93 95 96 98 99 100 
S84 9.8318185778 1 2 3 6 8 13 15 16 20 21 23 24 25 30 35 38 43 44 46 49 51 62 65 68 73 76 77 81 82 86 87 95 99 
S85 14.5635623083 13 38 
S86 10.7815947874 3 4 5 7 8 9 10 12 14 15 16 17 18 21 23 25 28 30 33 37 39 42 44 45 46 48 55 56 64 65 66 67 68 69 71 72 75 77 78 79 80 81 84 85 86 88 89 90 93 95 97 98 
S87 15.1278131787 6 7 10 14 19 23 41 49 50 56 63 64 66 78 82 
S88 21.3487838422 3 4 22 26 29 42 49 55 58 59 60 61 97 
S89 22.6261466602 2 4 7 10 11 12 13 14 16 18 19 20 21 22 23 25 28 31 33 34 35 37 38 39 41 42 43 44 45 47 48 49 50 51 52 54 56 57 59 61 62 63 67 68 71 72 73 74 77 79 80 82 85 86 88 91 93 94 95 96 97 100 
S90 9.16969157625 1 2 3 4 5 9 10 16 17 19 20 24 25 26 28 29 30 34 35 36 37 39 40 41 42 43 44 45 46 47 48 52 53 54 55 57 59 60 64 68 69 70 75 76 79 84 85 86 87 88 89 91 92 96 97 99 
S91 5.29394865325 3 7 8 11 13 14 17 19 20 21 23 25 26 27 29 32 34 43 45 46 50 52 53 59 60 61 65 66 69 71 73 74 75 79 83 86 87 91 92 93 95 97 98 99 100 
S92 18.7047269398 3 6 8 11 12 13 14 15 16 17 20 23 24 25 26 29 30 34 36 37 38 39 42 43 44 48 50 51 52 55 60 62 64 65 66 67 71 72 74 79 82 83 84 87 91 94 95 96 98 99 
S93 14.4893101576 6 8 10 12 15 16 17 20 24 25 32 34 35 36 38 46 48 49 51 53 55 58 61 63 64 65 67 69 70 71 74 75 84 89 91 99 100 
S94 5.31608858878 3 6 8 9 10 11 12 13 14 16 17 18 20 22 23 27 30 32 33 41 44 45 48 49 51 57 58 59 60 61 62 63 68 70 72 73 77 78 79 83 85 86 87 88 89 91 92 94 96 97 98 99 100 
S95 8.5726744422 28 41 51 61 68 81 96 
S96 18.8058748819 3 6 11 13 17 18 24 25 28 30 40 41 44 47 57 58 59 68 70 79 92 93 97 98 99 
S97 14.0299492357 1 2 3 4 5 7 8 9 10 13 17 18 21 22 23 27 29 30 31 36 37 38 44 46 47 48 49 51 56 57 58 60 61 62 64 65 68 70 78 80 81 82 86 88 89 91 92 93 99 
S98 18.1029948755 2 5 6 9 13 14 17 19 20 21 22 23 25 26 27 33 34 35 37 39 42 43 44 47 49 50 51 56 57 60 61 62 63 64 65 66 69 71 75 76 77 78 79 81 83 84 85 86 87 88 89 91 94 96 98 99 
S99 17.1095469869 1 3 5 8 9 13 14 18 21 27 28 29 32 33 34 43 44 45 48 49 50 52 55 57 58 67 71 78 84 95 98 
S100 18.5206787423 1 3 4 5 7 8 10 11 13 18 19 21 25 26 28 29 32 34 35 40 44 45 47 48 51 53 54 56 61 62 63 64 66 69 70 74 75 76 77 80 81 84 85 87 94 95 97 98 99 
S101 12.9061540462 2 3 4 6 8 10 11 12 13 15 16 18 20 21 22 23 24 25 26 27 28 29 31 34 37 47 48 49 52 53 54 56 60 63 65 66 67 71 72 73 74 77 78 80 84 85 86 88 89 91 92 93 96 100 
S102 20.6896475404 2 4 8 12 16 22 23 28 29 31 33 35 36 47 64 71 75 80 83 90 94 97 100 
S103 11.376834527 2 7 9 10 12 15 17 18 21 25 30 31 34 35 38 40 41 49 62 63 71 73 76 77 79 81 82 83 88 90 99 
S104 8.41197972018 7 22 26 30 32 33 34 38 51 59 61 64 70 72 75 89 97 99 
S105 18.0602457942 9 12 13 14 16 18 19 24 26 28 30 31 33 36 38 39 41 42 43 45 46 47 49 50 51 53 55 58 59 60 63 64 65 66 67 68 69 70 71 72 74 75 77 78 81 83 85 86 87 88 90 92 94 
S106 20.7965862434 1 3 5 6 7 9 11 12 16 17 18 19 20 24 26 28 31 34 36 37 39 44 46 50 52 56 57 59 64 65 66 67 69 71 76 77 78 79 80 81 82 86 90 91 97 98 99 
S107 16.2250736399 4 8 10 11 12 13 15 17 18 19 21 23 25 27 28 29 30 32 33 38 40 41 42 43 44 47 48 51 52 54 55 56 60 61 64 67 68 69 70 71 72 73 76 77 78 79 80 81 82 83 84 86 87 88 91 94 96 99 100 
S108 21.7534426601 1 6 8 12 13 14 17 18 19 25 27 31 33 34 36 38 42 43 46 51 52 54 55 56 57 58 59 63 65 66 67 68 71 72 73 74 76 77 78 79 81 86 88 95 96 98 100 
S109 15.5041973307 1 2 3 4 5 8 10 11 12 14 15 16 19 22 23 25 26 27 28 29 31 32 35 36 37 39 40 41 42 44 48 51 52 54 61 62 63 70 71 72 74 75 76 77 78 80 81 82 84 85 86 88 92 93 94 95 98 99 100 
S110 17.5329850407 1 2 3 4 5 7 8 9 10 11 12 16 19 20 21 22 23 24 25 26 27 28 29 33 34 35 37 38 39 41 43 44 45 47 51 52 53 58 60 62 63 65 67 68 70 71 74 75 82 83 85 88 89 93 94 95 96 98 99 100 
S111 5.10477709453 41 54 60 77 
S112 18.2120255855 1 5 11 16 18 20 27 28 31 32 33 41 47 53 54 56 58 60 61 64 67 68 69 70 71 75 78 79 80 88 90 91 93 95 96 98 100 
S113 19.5170240915 1 2 3 4 6 7 11 12 13 17 18 19 20 22 23 28 30 31 32 34 35 36 37 40 41 43 47 50 51 55 57 58 59 61 62 65 66 69 71 72 74 75 76 77 78 82 83 84 86 89 90 93 95 96 97 98 99 
S114 14.8508830579 1 2 3 4 5 7 8 9 11 12 13 15 18 21 25 27 33 37 40 42 49 51 52 53 54 55 59 60 62 70 76 78 82 84 88 90 97 
S115 24.8991885154 6 15 21 58 93 97 
S116 23.7118537712 16 17 18 32 35 45 48 63 74 79 81 95 98 
S117 22.6003316567 1 2 3 6 8 9 12 13 14 16 17 19 20 24 25 27 28 29 30 35 37 39 40 42 44 47 48 51 57 63 64 65 67 69 70 71 74 79 80 81 82 85 87 89 91 92 93 95 96 97 98 99 
S118 16.9967652154 6 7 9 12 15 18 21 24 28 33 36 37 38 40 41 43 47 48 55 57 59 60 66 68 72 74 75 76 77 86 88 
S119 21.2507228716 1 4 6 10 12 15 20 21 23 24 25 26 27 28 32 34 37 38 39 42 43 44 46 47 52 54 55 60 61 64 65 66 69 70 78 80 85 86 88 89 91 92 95 98 
S120 18.661080431 6 10 15 16 19 22 27 31 32 33 35 37 39 44 45 46 47 49 50 52 53 62 63 64 65 70 72 73 74 76 79 82 83 85 87 88 99 
S121 6.6998015884 1 2 7 9 10 11 12 13 15 18 19 22 24 26 28 31 32 34 35 37 38 39 40 42 43 45 47 49 50 51 52 55 56 58 59 63 64 66 70 71 72 74 77 80 83 88 89 92 93 94 95 96 100 
S122 7.80624658208 2 5 9 15 19 20 23 27 32 33 36 37 41 48 65 87 95 
S123 24.9904894076 8 34 41 45 57 60 83 88 98 
S124 9.67138853968 2 3 4 5 8 9 14 15 17 18 23 27 28 32 35 36 37 40 41 48 52 54 55 57 59 60 61 64 66 67 68 71 72 76 77 83 86 87 89 91 95 98 99 
S125 8.51744262782 1 2 4 8 9 15 44 45 47 50 53 55 57 67 70 71 72 75 80 82 87 92 94 95 
S126 21.0104635331 1 5 9 16 17 20 24 26 27 29 31 33 34 35 39 42 45 46 47 48 49 50 53 54 55 58 59 60 61 62 64 65 68 69 70 76 80 81 83 84 86 88 91 96 
S127 10.1201175387 8 19 23 34 51 57 67 73 75 97 
S128 7.00815279036 4 5 9 13 14 16 17 18 19 20 22 23 25 26 30 34 37 38 40 43 45 49 50 51 52 53 59 61 63 64 65 66 69 72 79 80 84 87 91 92 93 94 99 
S129 11.434959564 6 8 12 15 20 27 28 34 39 42 43 44 47 49 55 57 60 65 72 73 81 84 88 93 94 95 97 100 
S130 11.5337174226 2 4 5 7 9 10 11 13 14 15 16 17 21 25 26 28 29 30 31 32 33 34 35 36 37 38 39 40 41 44 45 46 47 49 51 52 53 54 57 64 66 68 71 75 76 79 82 83 84 85 86 90 91 92 93 94 95 96 98 100 
S131 19.0888033564 3 4 5 7 8 11 12 13 14 16 21 24 25 29 33 36 37 38 39 42 44 47 49 50 53 54 57 58 61 62 66 67 68 69 70 71 74 76 78 80 82 83 84 86 90 95 98 100 
S132 11.4488526356 1 2 3 6 8 14 17 19 28 30 32 34 37 41 45 46 49 53 55 57 58 62 63 65 66 67 69 75 78 79 80 82 83 84 85 88 89 91 94 97 
S133 14.0172937624 1 9 11 14 15 20 25 27 28 35 38 39 40 44 48 52 53 55 57 59 60 64 67 68 70 71 74 77 81 82 85 86 87 88 90 91 92 93 94 96 97 99 
S134 22.183011567 1 2 5 6 7 8 11 12 15 16 19 21 22 23 24 25 26 27 28 29 33 35 37 38 39 42 46 47 48 49 53 54 55 56 57 61 62 63 64 66 69 70 71 72 73 74 75 76 78 79 80 81 82 84 87 89 91 96 99 
S135 13.954720654 1 4 5 6 12 18 25 29 39 51 58 62 63 76 89 94 
S136 18.8843730245 3 7 22 26 32 33 41 52 53 55 63 82 92 95 97 98 
S137 10.0063057375 4 5 9 10 13 22 24 46 50 53 56 63 65 72 78 81 83 88 89 
S138 10.8383404713 32 41 
S139 22.7398612666 3 6 8 9 10 13 14 15 17 29 32 33 34 37 39 40 42 43 44 47 49 52 54 55 57 59 60 63 64 65 66 69 73 75 76 78 79 80 84 85 86 88 89 94 95 96 97 98 99 
S140 19.6732376176 1 7 14 16 19 21 23 26 33 34 36 51 52 55 57 60 63 64 66 73 79 85 87 89 96 
S141 11.1567668417 9 14 35 38 45 47 51 55 62 64 71 88 97 98 99 
S142 18.8655607634 2 9 11 17 19 20 28 32 42 44 45 48 50 59 66 67 68 69 81 88 95 96 98 100 
S143 9.28263677881 1 2 5 7 8 11 14 18 20 22 23 24 27 28 30 35 38 39 40 41 42 45 48 49 50 51 54 55 57 60 63 65 68 70 74 76 81 86 87 92 95 96 99 100 
S144 24.9321060185 2 4 8 13 14 16 19 24 26 28 30 31 33 35 36 37 42 43 54 64 66 68 69 77 80 84 87 88 100 
S145 5.83717419798 1 4 5 6 12 14 16 19 21 22 23 24 27 33 34 35 36 40 41 42 46 53 54 56 57 58 63 64 65 69 70 73 74 76 79 81 82 85 91 92 93 95 96 97 100 
S146 9.17287841992 3 4 5 9 24 28 30 31 32 42 43 44 48 49 51 52 55 57 58 62 65 66 68 69 75 79 80 81 85 87 93 98 99 
S147 8.37251128594 4 12 16 19 21 23 24 26 42 46 48 50 56 62 65 67 75 76 77 81 89 99 
S148 12.1619845236 1 2 5 6 7 10 12 14 15 16 17 19 20 21 22 23 24 25 29 30 31 34 36 38 39 40 41 44 45 46 52 56 59 61 62 63 64 66 68 69 72 74 75 76 78 80 81 83 86 87 88 89 91 92 93 96 100 
S149 6.3460157154 1 3 14 43 58 77 87 
S150 12.7805282644 1 2 3 4 6 7 8 9 10 12 13 15 16 17 18 20 22 23 24 32 34 35 37 40 41 42 43 46 48 49 50 51 52 54 56 57 60 63 65 66 68 70 71 72 76 78 79 81 82 84 86 89 90 93 94 95 96 
S151 14.1876016235 7 53 69 73 83 86 
S152 8.38899348904 1 9 42 75 79 93 
S153 16.4715189471 2 4 8 9 10 11 12 13 17 20 27 29 35 36 37 41 42 43 44 45 46 49 50 51 52 54 55 56 57 58 59 63 65 66 67 70 71 73 75 76 77 78 79 80 83 84 86 87 93 97 99 
S154 17.925343097 52 74 
S155 8.90881930001 64 68 82 91 93 
S156 7.7017240024 2 5 6 7 8 9 14 17 27 28 30 32 34 35 38 39 40 41 43 44 45 53 54 55 56 57 58 59 62 63 65 67 69 70 71 73 74 76 77 78 80 81 82 84 85 87 89 92 97 98 100 
S157 10.931593097 5 7 8 9 10 12 13 16 18 23 24 28 29 31 32 33 34 36 39 41 43 46 47 49 53 54 55 56 58 61 64 67 69 71 75 79 82 83 84 87 88 89 90 91 93 95 96 97 98 99 100 
S158 15.9659404371 16 19 23 25 36 41 73 98 
S159 23.7096801462 2 3 12 13 28 29 39 43 44 52 55 57 61 62 69 70 72 80 81 88 89 92 
S160 11.6581596041 2 4 7 8 9 11 17 19 20 21 24 25 26 27 30 35 36 37 41 42 46 47 51 52 55 56 58 60 61 62 64 65 66 67 68 69 72 75 78 79 80 81 85 86 87 88 90 92 93 94 97 98 99 
S161 10.9605841421 3 7 9 10 11 15 17 19 20 24 25 26 27 31 37 40 41 43 44 50 52 57 62 64 67 68 71 74 77 85 86 87 88 89 93 94 
S162 13.3326436904 4 5 6 22 24 26 27 34 38 40 46 56 67 68 73 75 78 86 87 97 
S163 23.4417426092 1 5 6 9 11 15 17 20 25 26 27 33 34 35 37 39 40 42 43 44 45 46 50 51 52 53 54 55 57 58 59 60 62 64 65 67 68 71 75 76 79 81 83 87 89 91 93 96 100 
S164 8.22702434289 2 15 17 30 31 33 37 42 43 48 59 61 66 71 77 81 86 92 95 97 
S165 8.56813358125 1 2 5 8 9 10 11 13 16 18 22 25 26 28 31 32 38 40 41 42 43 44 45 46 48 50 52 54 55 57 58 60 65 66 69 72 74 76 80 81 83 86 87 88 92 93 94 
S166 10.9685311145 2 3 4 8 9 11 13 14 15 17 19 20 25 26 28 29 31 32 33 39 43 44 50 52 53 54 55 58 60 63 65 67 68 69 70 71 74 76 81 83 84 85 89 91 92 93 94 95 96 97 
S167 15.372199963 93 
S168 15.8710389952 2 3 4 5 7 8 10 11 12 14 18 20 21 26 27 29 30 31 34 35 36 37 38 45 46 48 49 51 52 53 54 55 57 58 60 61 65 66 67 69 71 74 75 77 78 81 82 86 89 92 93 97 99 100 
S169 21.1315363121 3 4 5 6 7 8 10 11 15 16 18 20 21 24 29 30 35 36 38 45 46 48 50 51 52 54 55 56 59 61 62 63 65 66 67 68 69 70 71 73 74 75 77 81 83 84 86 87 91 92 95 96 97 
S170 10.4274419303 2 6 13 34 40 42 44 47 53 55 56 61 68 70 72 76 86 96 99 
S171 12.4061418305 8 24 31 36 38 39 52 57 58 63 65 66 73 76 77 83 84 86 91 93 95 97 
S172 9.6888060866 2 6 7 8 9 10 11 15 17 21 22 25 28 33 37 41 42 44 45 47 53 54 55 57 59 61 63 70 73 76 83 86 94 98 
S173 12.0503799068 1 2 3 7 10 11 12 14 16 18 19 21 22 24 25 27 28 30 32 33 38 39 42 43 44 46 47 49 51 54 55 59 65 67 68 72 74 76 77 78 79 80 83 86 87 90 91 92 96 98 
S174 7.84358497129 1 4 5 6 11 15 16 17 18 22 23 24 25 26 28 30 31 32 34 36 39 40 42 43 44 50 54 57 59 61 62 65 66 68 69 70 72 73 74 76 77 78 79 80 82 83 85 88 90 91 92 94 98 99 
S175 15.4643807072 7 8 10 12 14 17 19 20 21 22 26 28 29 33 34 35 36 37 42 48 49 51 52 54 55 56 57 58 60 66 75 76 78 79 83 88 90 92 93 96 97 98 100 
S176 11.3603263323 1 2 7 9 10 13 15 19 24 26 28 30 32 36 38 41 42 46 48 49 50 51 52 53 55 56 58 59 62 63 65 67 68 69 72 73 77 78 79 81 83 84 85 87 88 89 90 93 94 95 97 98 99 
S177 13.1518165913 18 19 21 22 29 31 35 43 47 48 49 50 54 61 72 74 75 78 85 87 88 91 93 97 100 
S178 13.739240252 1 2 3 4 5 6 7 12 13 15 21 22 24 26 27 28 30 37 38 39 40 41 44 45 48 51 53 63 66 69 70 72 73 75 77 80 81 82 83 84 85 86 88 89 91 93 94 95 96 97 98 100 
S179 22.2615607965 1 8 17 19 21 25 27 31 34 35 36 37 39 47 50 55 58 59 62 65 71 86 100 
S180 12.5091615923 2 3 6 8 10 14 19 20 21 22 24 28 31 34 36 38 39 42 43 44 45 47 48 50 51 52 55 56 59 60 62 66 67 68 69 72 75 76 78 81 82 83 84 86 87 88 90 92 93 94 96 
S181 17.1570487616 5 8 9 12 14 15 19 20 21 22 23 26 27 31 32 38 40 42 43 45 49 50 51 52 53 54 55 57 58 59 64 65 68 69 70 74 77 79 80 82 83 84 86 87 92 93 97 99 
S182 21.1706875128 1 2 3 4 5 7 8 10 11 12 14 15 17 18 20 22 24 25 27 28 29 32 33 34 35 36 39 45 46 48 49 51 52 54 55 57 58 61 62 64 66 67 70 71 73 75 76 77 78 81 83 85 86 91 92 95 96 98 
S183 19.1416258923 1 2 3 6 15 40 44 50 55 60 63 76 80 84 86 87 91 
S184 9.85279917379 2 4 6 12 15 25 26 27 31 33 34 35 36 40 42 43 45 46 48 63 67 72 74 75 76 80 82 83 84 88 90 94 95 99 
S185 22.2612252977 1 3 4 5 8 9 10 11 12 15 17 18 19 23 24 26 27 30 32 35 37 38 39 40 44 46 47 48 49 50 51 52 53 54 57 59 60 62 63 64 65 67 70 72 74 75 78 79 80 81 86 87 89 90 92 94 97 98 100 
S186 13.4086085169 1 5 15 43 44 58 68 78 88 
S187 18.0814494639 2 9 15 17 19 24 37 42 48 56 86 87 95 99 
S188 21.3229440031 7 85 93 
S189 7.62222118353 4 5 6 9 12 13 15 16 24 25 29 30 33 34 35 36 42 48 49 52 58 60 62 63 64 65 66 68 69 70 71 72 74 76 78 79 81 85 88 90 91 93 94 96 
S190 15.6933659403 7 11 13 16 19 23 29 30 31 32 33 35 37 45 51 53 61 63 65 73 76 85 87 91 98 
S191 13.3618092641 22 23 27 32 40 41 44 60 77 79 87 93 
S192 7.43568936141 3 4 5 12 17 18 20 26 33 35 38 42 44 45 48 51 53 54 56 60 61 62 63 67 68 69 70 77 79 80 83 84 86 87 90 91 92 93 97 98 99 100 
S193 20.0904339879 6 12 14 16 21 60 63 68 
S194 7.39054122185 1 4 5 8 18 24 25 27 30 33 35 39 41 42 46 47 56 57 58 62 65 69 71 73 74 75 82 85 87 92 94 97 100 
S195 19.8785806537 2 3 4 5 9 10 11 12 13 15 17 19 20 24 26 27 28 30 33 35 39 41 42 43 47 48 50 51 52 54 56 63 65 66 67 69 71 72 73 74 77 78 79 80 81 82 83 86 87 91 92 94 95 96 97 99 
S196 15.7760201408 1 2 3 4 6 8 10 11 13 15 22 26 27 29 30 31 32 34 35 36 39 40 41 42 43 50 52 56 58 64 65 68 69 70 73 75 76 77 78 79 81 83 89 90 91 93 97 98 99 
S197 19.0171623771 2 3 4 5 6 7 8 11 13 15 16 17 20 21 22 23 24 26 28 29 33 34 35 36 38 42 44 47 49 50 57 61 64 67 68 72 75 76 80 82 84 86 89 90 91 93 95 100 
S198 20.9144268193 4 11 13 24 29 33 45 57 59 64 65 67 74 77 79 80 83 85 87 89 98 
S199 16.2637856051 2 4 5 9 11 13 14 16 20 23 25 26 27 30 31 33 35 36 37 42 43 44 45 46 47 48 49 50 52 53 55 56 58 59 61 62 63 67 68 69 71 72 74 75 76 77 78 79 80 83 85 86 87 91 94 95 96 97 
S200 9.60150385576 3 22 25 30 33 38 73 78 81 
S201 11.3882954173 3 4 6 8 10 11 13 15 17 18 19 21 22 23 25 26 29 30 31 32 33 35 42 43 44 45 49 50 52 53 54 56 59 61 63 66 68 70 71 72 73 77 78 79 80 81 85 87 89 91 92 93 94 96 97 98 
S202 21.9241924076 1 3 6 17 18 27 37 41 44 45 47 52 55 58 67 76 84 96 99 100 
S203 21.4664650758 1 3 5 6 8 10 11 13 14 16 17 18 19 21 22 23 25 26 27 35 38 39 40 41 43 47 53 55 57 60 61 63 64 65 66 67 68 70 72 75 76 80 85 86 89 92 93 95 96 97 98 
S204 14.4611681314 3 5 6 7 8 9 17 18 21 22 24 26 27 29 31 34 35 36 37 38 39 43 45 46 47 48 49 50 51 53 54 55 58 59 60 62 64 66 67 69 70 73 74 75 76 79 80 82 83 84 85 86 88 92 93 96 97 98 100 
S205 21.8129343985 25 
S206 11.3377033379 1 7 13 14 15 16 22 32 33 36 41 42 49 56 66 69 70 72 73 74 80 82 83 86 90 93 98 99 
S207 14.7706044479 1 2 3 4 6 7 8 9 10 11 12 13 14 16 19 22 24 25 27 28 32 34 35 37 39 40 43 46 49 50 51 52 54 55 56 57 59 60 62 64 65 66 67 68 69 72 74 75 76 82 83 84 85 86 87 89 90 92 98 
S208 20.4933304178 2 5 11 14 18 21 23 27 28 29 36 44 48 50 54 64 69 74 76 78 80 82 89 99 100 
S209 24.2348850408 6 14 18 21 26 29 31 32 33 34 43 51 65 69 72 73 78 81 91 94 98 
S210 18.6989132768 3 4 5 7 9 10 11 12 13 15 19 20 23 25 27 28 29 31 32 37 38 39 40 41 46 48 53 54 57 60 61 65 66 68 71 72 73 74 75 80 81 83 84 85 87 89 90 91 92 93 98 99 
S211 18.7430365017 1 2 3 4 8 9 11 13 17 21 22 23 25 26 32 33 35 38 39 41 47 52 53 56 64 65 67 70 72 73 74 76 77 79 80 81 85 86 88 89 94 98 100 
S212 10.3782583148 6 8 13 14 20 26 28 29 30 32 37 39 41 48 52 55 58 59 60 65 67 76 78 80 83 87 89 92 93 94 96 99 
S213 17.2263464009 4 8 14 18 23 24 25 33 36 38 39 51 53 55 63 78 80 84 89 94 95 
S214 21.5287284445 8 14 40 41 46 60 71 81 84 98 
S215 18.5588721788 1 2 6 7 8 10 11 14 15 16 24 25 26 29 31 34 36 37 38 39 42 45 46 49 50 51 53 57 58 63 65 66 68 70 71 72 73 74 76 79 80 83 88 89 90 91 92 95 96 97 99 100 
S216 22.7559634387 1 4 7 8 10 11 13 14 17 20 22 23 25 26 27 30 33 38 39 43 44 47 49 50 55 59 60 63 66 70 73 74 76 79 83 84 86 89 91 92 93 95 
S217 16.7907632243 1 17 38 50 62 69 70 81 85 96 100 
S218 21.8782351174 2 10 11 13 15 19 22 24 29 31 33 35 40 45 49 51 53 63 66 69 70 90 95 
S219 8.94955860987 1 3 5 7 8 9 12 14 15 16 17 19 20 21 25 30 31 32 33 36 40 42 43 44 45 47 48 52 55 57 59 60 61 64 66 68 70 71 74 75 76 77 78 81 82 83 90 91 94 95 96 97 98 
S220 21.6276771786 1 2 3 4 5 6 7 10 13 14 15 16 21 22 23 24 25 26 28 29 33 35 37 38 39 40 41 43 44 45 46 47 48 49 51 52 54 55 57 60 61 62 64 66 68 69 70 71 73 74 75 77 80 82 87 88 89 90 92 93 95 96 97 99 
S221 14.3000756838 1 2 4 5 6 8 9 13 15 17 18 21 23 27 28 29 31 33 40 41 42 43 44 46 48 49 52 54 55 57 60 61 62 63 66 67 68 70 71 73 76 77 80 81 83 84 87 88 90 91 93 
S222 14.9370942932 1 4 6 10 14 16 18 19 20 25 26 27 28 29 30 31 32 34 35 37 40 45 47 48 49 51 52 57 60 61 63 64 65 67 68 72 77 79 81 84 85 86 87 88 90 92 93 94 97 
S223 14.3230002307 4 7 11 19 32 33 38 46 47 51 60 63 73 75 79 87 92 98 
S224 10.0848862815 16 21 29 33 38 41 48 53 54 56 59 61 73 90 96 98 
S225 20.1272636374 2 3 6 7 8 13 15 16 17 21 23 25 27 28 30 31 33 35 37 39 40 41 46 49 52 57 58 62 64 66 67 68 69 70 71 74 75 76 78 80 81 82 83 86 92 95 96 
S226 8.66354346204 1 6 8 10 11 12 14 15 17 19 23 25 28 31 32 33 34 38 40 42 43 44 46 47 48 49 51 55 58 59 61 62 65 70 71 72 73 74 77 78 83 84 85 88 91 92 93 97 98 99 100 
S227 11.2881500806 2 3 5 7 11 12 14 20 25 27 28 30 31 32 33 34 35 37 38 39 40 41 42 45 46 47 48 49 52 54 55 57 59 60 61 65 66 67 69 70 71 75 76 77 78 83 85 86 87 90 93 94 96 97 98 
S228 11.4620593639 2 3 4 5 7 13 14 16 17 18 19 21 23 26 27 29 30 33 34 41 44 46 48 50 54 58 59 60 62 65 66 68 69 70 71 72 82 85 86 87 88 90 91 98 99 
S229 13.1810475451 5 6 8 14 15 17 23 25 27 29 30 33 37 45 50 53 54 55 56 61 62 65 66 71 72 73 74 75 77 78 79 82 83 84 85 87 89 92 94 95 100 
S230 6.59926681915 1 4 7 8 9 10 11 15 18 19 20 22 23 25 26 27 28 29 30 31 32 35 36 37 38 42 43 46 47 48 49 50 53 54 56 57 59 61 64 65 67 68 69 70 71 74 78 79 82 83 84 85 86 88 89 90 92 96 98 99 100 
S231 13.2451979388 2 4 7 10 11 12 18 23 24 25 31 39 40 44 47 54 56 59 60 62 64 74 77 81 83 84 87 96 98 
S232 10.1945808968 10 19 22 29 40 42 46 53 69 73 76 79 82 83 88 91 
S233 17.3497720687 2 5 8 9 16 18 25 28 31 36 40 43 47 49 60 63 67 72 74 77 79 80 84 92 
S234 21.1951501042 3 6 14 15 18 20 24 26 27 31 33 34 36 37 39 41 43 45 46 47 48 52 54 55 57 58 59 65 68 69 71 73 77 79 80 81 82 84 85 89 94 98 
S235 21.952373685 3 5 8 9 10 11 14 17 19 21 22 25 28 31 32 33 34 35 36 38 44 45 46 49 50 53 54 55 56 57 58 59 61 62 63 64 65 66 67 68 69 71 72 75 77 79 80 81 82 84 85 86 87 89 90 91 93 94 95 96 98 100 
S236 10.0365562092 1 2 3 4 5 7 9 11 15 19 20 21 24 26 27 29 32 33 41 43 44 46 47 49 54 56 58 59 60 61 63 65 66 68 70 71 72 73 74 75 78 84 85 86 88 89 90 92 94 97 100 
S237 12.0590909969 2 4 6 7 8 11 12 13 15 16 17 19 20 23 24 25 28 31 32 33 37 38 39 40 42 43 46 49 56 58 60 61 69 70 71 76 78 80 82 86 89 92 93 95 
S238 22.1490505479 2 3 4 7 8 9 10 15 18 20 21 24 25 26 27 31 32 35 39 42 43 46 50 53 54 55 56 58 59 60 65 67 68 73 76 79 81 87 89 90 93 95 96 97 99 100 
S239 14.5554099134 12 13 29 31 32 35 39 45 48 54 65 66 74 84 92 
S240 9.28764409249 1 5 7 8 9 10 11 12 13 14 16 19 21 22 23 25 28 30 31 32 34 35 36 37 39 42 43 44 46 47 51 55 58 59 60 63 65 66 70 71 73 75 76 77 78 80 84 85 88 90 91 92 93 95 97 99 
S241 9.46501127096 1 2 3 6 7 8 9 10 11 17 18 19 20 21 22 23 24 28 29 31 33 34 38 40 41 42 43 48 49 56 57 58 60 61 62 63 64 67 68 70 72 73 75 78 79 81 82 84 85 87 88 89 90 91 92 93 94 96 97 98 100 
S242 23.8223880215 33 34 58 79 
S243 23.9113753283 1 11 13 15 19 25 26 27 29 31 38 41 44 45 47 51 54 64 70 87 
S244 24.3939343025 1 2 4 5 6 10 11 14 15 16 17 22 24 26 27 29 32 36 39 45 51 56 57 60 61 62 63 65 70 71 74 75 77 83 84 87 89 90 91 95 97 98 100 
S245 18.4991000511 1 3 5 7 8 9 13 14 16 20 22 24 25 28 29 30 31 33 35 38 40 45 47 50 51 52 53 58 60 62 65 73 74 76 77 79 82 83 93 94 98 
S246 18.6616287594 6 9 20 22 30 40 43 49 56 61 62 65 84 98 
S247 12.8378012536 2 3 4 5 6 8 9 10 11 12 13 15 16 18 21 23 26 28 29 31 32 33 35 38 41 42 43 45 48 49 50 53 54 55 56 57 58 61 64 65 66 67 69 73 74 75 77 78 81 83 84 87 88 89 90 91 92 94 96 97 98 99 
S248 18.0340621084 25 34 83 
S249 19.2041297087 2 3 4 5 6 9 14 16 18 21 27 29 30 32 34 35 37 38 39 44 46 48 50 54 55 56 57 59 60 63 65 66 68 72 74 77 78 79 80 81 83 84 86 87 89 90 91 92 93 94 95 97 
S250 19.9351706043 1 8 15 33 35 36 37 49 51 53 58 65 74 77 78 85 90 92 
S251 8.67719324612 1 9 12 17 18 24 33 36 43 52 56 71 88 94 98 
S252 5.794921186 6 9 10 11 16 27 31 34 36 37 42 43 44 46 49 50 60 64 69 71 74 75 78 80 81 82 85 87 92 97 
S253 23.2451684469 1 3 4 5 8 9 10 13 15 17 18 19 20 26 29 30 33 34 35 36 40 42 43 44 46 48 50 51 55 56 58 60 61 63 65 66 67 68 69 70 74 75 76 77 78 79 80 81 82 84 85 86 88 89 90 94 95 96 98 99 100 
S254 24.1441207808 6 8 9 13 14 25 27 28 29 38 40 48 52 53 58 76 77 81 84 94 95 98 
S255 19.4260986604 2 4 5 6 7 8 9 19 21 22 27 32 33 35 40 44 55 56 58 59 60 63 66 71 72 73 75 77 79 80 84 86 87 88 92 93 96 
S256 13.562733622 11 29 30 56 84 93 95 98 
S257 21.2968307057 1 2 5 15 17 18 20 22 25 27 28 31 33 34 39 40 41 46 49 50 51 52 54 56 57 58 59 61 64 66 80 81 84 85 86 90 91 92 93 96 
S258 11.7875846604 2 4 7 9 11 15 16 17 18 19 20 21 23 24 26 27 28 32 34 36 37 38 39 40 41 42 43 44 45 46 47 48 49 51 53 54 55 56 59 61 63 65 66 68 69 73 76 77 80 82 85 87 92 94 95 96 97 99 
S259 13.7726546274 3 13 17 26 27 28 29 35 41 42 52 59 66 72 73 74 75 84 86 91 94 
S260 11.1091850525 2 3 7 8 12 17 19 25 26 29 33 38 40 42 45 49 51 53 57 59 63 65 67 71 75 82 84 88 95 97 
S261 16.7307729527 3 7 20 22 48 53 78 85 95 96 100 
S262 20.1197071459 12 14 21 22 32 44 48 59 72 87 94 
